choice <- c(2, 2, 1, 1, 2, 2, 1, 1, 1, 1)
rt <- c(0.5527282824390897, 0.5649746699871949, 0.8406256628455231, 0.7128075975345282, 0.9211869510030228, 0.5778554487337915, 0.9297331049238757, 0.6367383923038925, 0.7450867909044754, 0.6844788800048718)
N <- 10
Nc <- 2
